0.06393398
0.330693
0.2433906
0.13007258
.72 ea
1.50 ea
1.17 ea
0.1322772
0.153882476
0.330031614
0.16093726
0.3196699
0.10141252
8.99 ea
0.551155
2.99 ea
0.7165015
0.6062705
0.220462
0.110231
0.264113476
2.9947626
0.2539728
1.3615764
1.53110859
0.73413846
0.440925
0.1322772
0.25132668
0.633387326
0.65918138
0.98987438
0.65918138
1.98195338
1.51898318
1.54102938
1.4991416
74.6615598101
0.3668496
0.512133226
Potatoes, white, flesh and skin, raw
69
1.68
0.10
15.71
2.4
1.15
0.009
0.00052
0.407
0.016
0.0091
0
0.0

Tomatoes, red, ripe, raw, year round average
18
0.88
0.20
3.89
1.2
2.63
0.01
0.00027
0.237
0.005
0.0137
42
0.0

NATURALLY SWEET YELLOW SWEET CORN, UPC: 028800292616
94
2.35
0.00
20.00
2.4
1.18
0.0
0.00042
0.012
0.0042
0.0

Onions, raw
40
1.10
0.10
9.34
1.7
4.24
0.023
0.00021
0.146
0.004
0.0074
0
0.0

Lettuce, cos or romaine, raw
17
1.23
0.30
3.29
2.1
1.19
0.033
0.00097
0.247
0.008
0.004
436
0.0

Cucumber, with peel, raw
15
0.65
0.11
3.63
0.5
1.67
0.016
0.00028
0.147
0.002
0.0028
5
0.0

Peppers, sweet, green, raw
20
0.86
0.17
4.64
1.7
2.40
0.01
0.00034
0.175
0.003
0.0804
18
0.0

Carrots, raw
41
0.93
0.24
9.58
2.8
4.74
0.033
0.0003
0.32
0.069
0.0059
835
0.0

Cabbage, raw
25
1.28
0.10
5.80
2.5
3.20
0.04
0.00047
0.17
0.018
0.0366
5
0.0

Broccoli, raw
34
2.82
0.37
6.64
2.6
1.70
0.047
0.00073
0.316
0.033
0.0892
31
0.0

Oranges, raw, navels
49
0.91
0.15
12.54
2.2
8.50
0.043
0.00013
0.166
0.001
0.0591
12
0.0

Apples, raw, with skin
52
0.26
0.17
13.81
2.4
10.39
0.006
0.00012
0.107
0.001
0.0046
3
0.0

Bananas, raw
89
1.09
0.33
22.84
2.6
12.23
0.005
0.00026
0.358
0.001
0.0087
3
0.0

Watermelon, raw
30
0.61
0.15
7.55
0.4
6.20
0.007
0.00024
0.112
0.001
0.0081
28
0.0

Grapes, red or green (European type, such as Thompson seedless), raw
69
0.72
0.16
18.10
0.9
15.48
0.01
0.00036
0.191
0.002
0.0032
3
0.0

Pineapple, raw, all varieties
50
0.54
0.12
13.12
1.4
9.85
0.013
0.00029
0.109
0.001
0.0478
3
0.0

Strawberries, raw
32
0.67
0.30
7.68
2.0
4.89
0.016
0.00041
0.153
0.001
0.0588
1
0.0

Peaches, yellow, raw
39
0.91
0.25
9.54
1.5
8.39
0.006
0.00025
0.19
0.0
0.0066
16
0.0

Grapefruit, raw, white, California
37
0.88
0.10
9.09
0.012
8e-05
0.143
0.0
0.0333
0
0.0

Beans, pinto, mature seeds, raw
347
21.42
1.23
62.55
15.5
2.11
0.113
0.00507
1.393
0.012
0.0063
0
0.0

Peas, green, raw
81
5.42
0.40
14.45
5.7
5.67
0.025
0.00147
0.244
0.005
0.04
38
0.0

Beans, black, mature seeds, raw
341
21.60
1.42
62.36
15.5
2.12
0.123
0.00502
1.483
0.005
0.0
0
0.0

Peanuts, spanish, raw
570
26.15
49.60
15.83
9.5
0.106
0.00391
0.744
0.022
0.0
0
0.0

ORGANIC RAW ALMONDS, UPC: 071725711830
600
26.67
46.67
20.00
10.0
3.33
0.267
0.0036
0.0
0.0
0.0

MEIJER, RAW PECANS, UPC: 886926197853
700
10.00
73.33
13.33
10.0
3.33
0.067
0.0024
0.0
0.0
0.0

MEIJER, TRUE GOODNESS, RAW WALNUTS HALVES & PIECES, UPC: 713733444682
647
14.71
64.71
14.71
5.9
2.94
0.118
0.00318
0.0
0.0
0.0

STONE HOUSE BREAD, SLICED WHITE BREAD, UPC: 602813410016
235
8.82
0.00
52.94
2.9
2.94
0.0
0.0
0.588
0.0
0.0

RICE SELECT, JASMATI, BROWN RICE, WHOLE GRAIN BROWN JASMINE RICE, UPC: 074401304302
378
8.89
2.22
77.78
4.4
0.0

Pasta, dry, enriched
371
13.04
1.51
74.67
3.2
2.67
0.021
0.0033
0.223
0.006
0.0
0
0.0

Quinoa, cooked
120
4.40
1.92
21.30
2.8
0.87
0.017
0.00149
0.172
0.007
0.0
0
0.0

Chicken, roasting, light meat, meat only, cooked, roasted
153
27.13
4.07
0.00
0.0
0.00
0.013
0.00108
0.236
0.051
0.0
8
0.075

Beef, ground, patties, frozen, cooked, broiled
295
23.05
21.83
0.00
0.0
0.00
0.011
0.00242
0.305
0.077
0.0
0
0.084

Pork, cured, salt pork, raw
748
5.05
80.50
0.00
0.0
0.00
0.006
0.00044
0.066
2.684
0.0
0
0.086

Fish, salmon, Atlantic, wild, raw
142
19.84
6.34
0.00
0.0
0.012
0.0008
0.49
0.044
0.0
12
0.055

Turkey, mechanically deboned, from turkey frames, raw
201
13.29
15.96
0.00
0.0
0.145
0.00161
0.173
0.048
0.0
0
0.095

Lamb, New Zealand, imported, ground lamb, cooked, braised
192
22.60
11.34
0.00
0.0
0.00
0.004
0.00127
0.162
0.034
0.0
8
0.071

Veal, ground, raw
197
18.58
13.06
0.00
0.0
0.00
0.012
0.00137
0.198
0.103
0.0
0
0.049

Milk, nonfat, fluid, with added nonfat milk solids, vitamin A and vitamin D (fat free or skim)
37
3.57
0.25
5.02
0.0
5.02
0.129
5e-05
0.171
0.053
0.001
64
0.002

Peanut butter, smooth style, with salt
598
22.21
51.36
22.31
5.0
10.49
0.049
0.00174
0.558
0.426
0.0
0
0.0

Margarine-like, margarine-butter blend, soybean oil and butter
727
0.31
80.32
0.77
0.0
0.00
0.01
4e-05
0.022
0.719
0.0001
819
0.012

